[temperature]
today=4.2250000000000005
tomorrow=2.5291666666666672
dayaftertomorrow=-0.6
