[temperature]
today=-4.955555555555555
tomorrow=-3.5416666666666665
dayaftertomorrow=0.9176470588235295
